-0.06727239489555359
-0.26008227467536926
-0.052798081189394
0.20229096710681915
0.08134013414382935
-0.15715919435024261
0.17015217244625092
0.15623930096626282
0.21068812906742096
0.2203436940908432
0.03400886431336403
-0.15733931958675385
-0.06271727383136749
0.1491243541240692
0.09321058541536331
-0.12788715958595276
-0.11462029814720154
-0.08122343569993973
-0.10497236996889114
-0.005131390877068043
-0.013072301633656025
0.5208569765090942
0.18215028941631317
-0.16726557910442352
-0.024213163182139397
0.1502711921930313
-0.1535569280385971
0.2062387615442276
-0.25457945466041565
-0.20126372575759888
-0.38118553161621094
-0.29882556200027466
-0.1017436757683754
-0.04573371633887291
-0.14175334572792053
-0.007254172582179308
-0.11381328850984573
0.07609426230192184
0.16983024775981903
-0.18697312474250793
0.4996688961982727
-0.11587683111429214
-0.4231144189834595
-0.2617489993572235
-0.030511485412716866
0.013338807038962841
-0.19414019584655762
-0.060990266501903534
-0.11616786569356918
-0.12827089428901672
0.13996493816375732
0.03728197515010834
-0.69163578748703
-0.004504166077822447
-0.14717674255371094
0.2908325791358948
0.1914145052433014
0.4138748347759247
0.14594890177249908
0.1504480093717575
0.1883218139410019
0.28438225388526917
-0.16773423552513123
-0.6734317541122437
-0.7703430652618408
0.2377775013446808
0.24857878684997559
-0.05974302440881729
-0.45092087984085083
0.6101642847061157
0.1399330496788025
0.0005697745364159346
-0.12073950469493866
0.1834479719400406
0.5401619076728821
0.29693377017974854
0.048916853964328766
0.36602115631103516
-0.4765126705169678
0.5173312425613403
-0.08921654522418976
-0.13541379570960999
-0.06008238345384598
0.45936912298202515
0.18356145918369293
0.07334192097187042
0.2058725506067276
0.05746601149439812
0.5032076239585876
-0.29933956265449524
-0.11751030385494232
-0.37293606996536255
-0.2969178259372711
-0.03631853312253952
0.42309874296188354
0.42296916246414185
0.0009710065787658095
-0.14429207146167755
-0.07898332923650742
-0.021462779492139816
-0.023976750671863556
-0.1702675074338913
0.026978492736816406
0.14881081879138947
-0.06441688537597656
0.03148168325424194
-0.35374683141708374
-0.44984331727027893
0.002030959352850914
0.20085132122039795
0.17663432657718658
-0.5152121782302856
0.05975412204861641
0.15633943676948547
0.39005082845687866
-0.26418352127075195
0.07470621168613434
-0.2569318115711212
0.16305556893348694
-0.16056741774082184
-0.07458563894033432
-0.1100107729434967
0.677716076374054
0.30219566822052
0.5013906359672546
-0.30725961923599243
0.23488068580627441
-0.1646965593099594
0.26008227467536926
-0.06727239489555359
-0.20229096710681915
-0.052798081189394
0.15715919435024261
0.08134013414382935
-0.15623930096626282
0.17015217244625092
-0.2203436940908432
0.21068812906742096
0.15733931958675385
0.03400886431336403
-0.1491243541240692
-0.06271727383136749
0.12788715958595276
0.09321058541536331
0.08122343569993973
-0.11462029814720154
0.005131390877068043
-0.10497236996889114
-0.5208569765090942
-0.013072301633656025
0.16726557910442352
0.18215028941631317
-0.1502711921930313
-0.024213163182139397
-0.2062387615442276
-0.1535569280385971
0.20126372575759888
-0.25457945466041565
0.29882556200027466
-0.38118553161621094
0.04573371633887291
-0.1017436757683754
0.007254172582179308
-0.14175334572792053
-0.07609426230192184
-0.11381328850984573
0.18697312474250793
0.16983024775981903
0.11587683111429214
0.4996688961982727
0.2617489993572235
-0.4231144189834595
-0.013338807038962841
-0.030511485412716866
0.060990266501903534
-0.19414019584655762
0.12827089428901672
-0.11616786569356918
-0.03728197515010834
0.13996493816375732
0.004504166077822447
-0.69163578748703
-0.2908325791358948
-0.14717674255371094
-0.4138748347759247
0.1914145052433014
-0.1504480093717575
0.14594890177249908
-0.28438225388526917
0.1883218139410019
0.6734317541122437
-0.16773423552513123
-0.2377775013446808
-0.7703430652618408
0.05974302440881729
0.24857878684997559
-0.6101642847061157
-0.45092087984085083
-0.0005697745364159346
0.1399330496788025
-0.1834479719400406
-0.12073950469493866
-0.29693377017974854
0.5401619076728821
-0.36602115631103516
0.048916853964328766
-0.5173312425613403
-0.4765126705169678
0.13541379570960999
-0.08921654522418976
-0.45936912298202515
-0.06008238345384598
-0.07334192097187042
0.18356145918369293
-0.05746601149439812
0.2058725506067276
0.29933956265449524
0.5032076239585876
0.37293606996536255
-0.11751030385494232
0.03631853312253952
-0.2969178259372711
-0.42296916246414185
0.42309874296188354
0.14429207146167755
0.0009710065787658095
0.021462779492139816
-0.07898332923650742
0.1702675074338913
-0.023976750671863556
-0.14881081879138947
0.026978492736816406
-0.03148168325424194
-0.06441688537597656
0.44984331727027893
-0.35374683141708374
-0.20085132122039795
0.002030959352850914
0.5152121782302856
0.17663432657718658
-0.15633943676948547
0.05975412204861641
0.26418352127075195
0.39005082845687866
0.2569318115711212
0.07470621168613434
0.16056741774082184
0.16305556893348694
0.1100107729434967
-0.07458563894033432
-0.30219566822052
0.677716076374054
0.30725961923599243
0.5013906359672546
0.1646965593099594
0.23488068580627441
