-0.5367931723594666
-0.13474102318286896
0.4113883674144745
0.4665825068950653
-0.18435433506965637
-0.25564515590667725
-0.10104736685752869
-0.007666680030524731
-0.46254101395606995
-0.0013143582036718726
0.17983804643154144
0.5101515650749207
-0.08773401379585266
-0.01671585813164711
-0.3891022503376007
-0.5019446015357971
0.17784957587718964
0.3601129353046417
0.18506212532520294
-0.8429725766181946
0.17884302139282227
0.1889200359582901
0.4160766303539276
0.0871213749051094
-0.1668868213891983
-0.15481944382190704
0.3617154657840729
-0.6869570016860962
-0.05207853764295578
0.7318811416625977
-0.11982400715351105
0.232033371925354
0.21901480853557587
-0.24109123647212982
-0.4922342002391815
-0.17627108097076416
-0.07056110352277756
0.10056137293577194
-0.18193773925304413
-0.007617744151502848
0.7792626023292542
0.5286429524421692
0.27274972200393677
-0.035682108253240585
-0.07155753672122955
0.30177202820777893
-0.26461702585220337
-0.6405458450317383
-0.09175486117601395
0.07861188799142838
0.39334121346473694
-0.11051420122385025
-0.2303154319524765
0.3056314289569855
0.11490029841661453
-0.03459163010120392
0.11071072518825531
-0.20672595500946045
0.11096362769603729
-0.04653377830982208
0.19305624067783356
-0.038981854915618896
-0.01401436422020197
-0.07178767025470734
0.0806611105799675
0.15541869401931763
-0.07061389088630676
0.03822137042880058
-0.1309516429901123
0.01733415387570858
-0.03907077759504318
-0.20060281455516815
0.15271948277950287
-0.3419360816478729
0.06739052385091782
-0.06268830597400665
0.001169866998679936
0.5213457942008972
-0.10772021114826202
-0.007543202489614487
0.14523477852344513
-0.05536330118775368
-0.8409649133682251
0.20714865624904633
0.2768252193927765
-0.11297030001878738
0.5474574565887451
-1.3803964853286743
-0.2677570581436157
0.3550969958305359
0.13759180903434753
0.10251670330762863
0.8810097575187683
-0.3793618083000183
-0.21551889181137085
-0.34056761860847473
0.10885152965784073
0.10071045905351639
-0.28133994340896606
-0.006835964974015951
-0.0970083624124527
0.16900041699409485
-0.23082058131694794
-0.15411487221717834
-0.5525563359260559
-0.006444424390792847
0.06072326749563217
0.0921427309513092
0.1596316695213318
-0.23825755715370178
0.0523122102022171
-0.16369062662124634
-0.004259645473212004
-0.4450541138648987
-0.03586682304739952
0.1059468537569046
-0.06520835310220718
-0.039110708981752396
-1.149562120437622
0.4489942193031311
0.3637506663799286
-0.2105240374803543
-0.053126074373722076
-0.016407206654548645
-0.053689055144786835
-0.07158061116933823
0.06488101184368134
0.23100420832633972
0.13474102318286896
-0.5367931723594666
-0.4665825068950653
0.4113883674144745
0.25564515590667725
-0.18435433506965637
0.007666680030524731
-0.10104736685752869
0.0013143582036718726
-0.46254101395606995
-0.5101515650749207
0.17983804643154144
0.01671585813164711
-0.08773401379585266
0.5019446015357971
-0.3891022503376007
-0.3601129353046417
0.17784957587718964
0.8429725766181946
0.18506212532520294
-0.1889200359582901
0.17884302139282227
-0.0871213749051094
0.4160766303539276
0.15481944382190704
-0.1668868213891983
0.6869570016860962
0.3617154657840729
-0.7318811416625977
-0.05207853764295578
-0.232033371925354
-0.11982400715351105
0.24109123647212982
0.21901480853557587
0.17627108097076416
-0.4922342002391815
-0.10056137293577194
-0.07056110352277756
0.007617744151502848
-0.18193773925304413
-0.5286429524421692
0.7792626023292542
0.035682108253240585
0.27274972200393677
-0.30177202820777893
-0.07155753672122955
0.6405458450317383
-0.26461702585220337
-0.07861188799142838
-0.09175486117601395
0.11051420122385025
0.39334121346473694
-0.3056314289569855
-0.2303154319524765
0.03459163010120392
0.11490029841661453
0.20672595500946045
0.11071072518825531
0.04653377830982208
0.11096362769603729
0.038981854915618896
0.19305624067783356
0.07178767025470734
-0.01401436422020197
-0.15541869401931763
0.0806611105799675
-0.03822137042880058
-0.07061389088630676
-0.01733415387570858
-0.1309516429901123
0.20060281455516815
-0.03907077759504318
0.3419360816478729
0.15271948277950287
0.06268830597400665
0.06739052385091782
-0.5213457942008972
0.001169866998679936
0.007543202489614487
-0.10772021114826202
0.05536330118775368
0.14523477852344513
-0.20714865624904633
-0.8409649133682251
0.11297030001878738
0.2768252193927765
1.3803964853286743
0.5474574565887451
-0.3550969958305359
-0.2677570581436157
-0.10251670330762863
0.13759180903434753
0.3793618083000183
0.8810097575187683
0.34056761860847473
-0.21551889181137085
-0.10071045905351639
0.10885152965784073
0.006835964974015951
-0.28133994340896606
-0.16900041699409485
-0.0970083624124527
0.15411487221717834
-0.23082058131694794
0.006444424390792847
-0.5525563359260559
-0.0921427309513092
0.06072326749563217
0.23825755715370178
0.1596316695213318
0.16369062662124634
0.0523122102022171
0.4450541138648987
-0.004259645473212004
-0.1059468537569046
-0.03586682304739952
0.039110708981752396
-0.06520835310220718
-0.4489942193031311
-1.149562120437622
0.2105240374803543
0.3637506663799286
0.016407206654548645
-0.053126074373722076
0.07158061116933823
-0.053689055144786835
-0.23100420832633972
0.06488101184368134
