-0.08736927062273026
-0.1280745267868042
-0.30011752247810364
0.37412720918655396
0.013384564779698849
-0.2550692558288574
0.022659873589873314
0.065275639295578
-0.06895263493061066
-0.1092723160982132
-0.5278311967849731
-0.5619512796401978
0.21466436982154846
-0.030295463278889656
0.07090797275304794
0.41736388206481934
0.1447925865650177
-0.18614260852336884
0.143013596534729
0.02572651579976082
-0.38116469979286194
-0.6463088989257812
-0.09044799208641052
-0.4006408452987671
0.2562350332736969
0.20995043218135834
-0.3046857714653015
0.025430552661418915
-0.12039441615343094
-0.10613523423671722
0.23237186670303345
-0.2855764627456665
0.47102782130241394
-0.2362198382616043
0.13312937319278717
0.12894326448440552
0.17141063511371613
0.6705896258354187
0.2945607602596283
0.48715412616729736
0.4477074146270752
-0.9176446199417114
-0.04932871088385582
0.1310497522354126
-0.2673073410987854
-0.022688986733555794
-0.5197596549987793
-0.04961226135492325
0.31912922859191895
-0.17438317835330963
0.1571887731552124
0.03309238329529762
-0.3571075201034546
0.18150438368320465
-0.010536117479205132
-0.10359660536050797
0.22402118146419525
-0.1380421370267868
0.967108964920044
0.15335343778133392
0.43589186668395996
-0.603515625
-0.033803779631853104
0.040520764887332916
-0.4254434406757355
-0.15705165266990662
-0.135370671749115
0.052044786512851715
0.005673064384609461
0.07789011299610138
0.20511524379253387
-0.25616955757141113
-0.13707534968852997
0.09982749074697495
-0.037243932485580444
0.0576942041516304
-0.11184878647327423
0.6752938032150269
-0.6889498233795166
0.3193169832229614
-0.15699899196624756
0.01864527352154255
0.33522164821624756
-0.06573687493801117
-0.013249455019831657
0.1772790104150772
-0.438135027885437
0.6547992825508118
-0.22413372993469238
0.05956282094120979
-0.5933613181114197
-0.8559362888336182
-0.051374275237321854
-0.0845949798822403
0.05717752128839493
-0.12699277698993683
0.4539276957511902
0.7261114716529846
-0.00915564876049757
0.080381378531456
-0.13860666751861572
0.6213539242744446
-0.5604953169822693
0.41620582342147827
1.132580280303955
0.2941984534263611
0.17644067108631134
-1.023093581199646
-0.08151017874479294
-0.18732821941375732
0.4695355296134949
0.10561017692089081
0.05000033229589462
0.10319078713655472
0.054600007832050323
0.4106385409832001
0.09586478769779205
0.07668197154998779
0.17153950035572052
0.2274213582277298
-1.0757427215576172
0.6196386814117432
-0.023115603253245354
-0.19262638688087463
-0.26509252190589905
-0.39893820881843567
-0.1602034568786621
-0.02681734971702099
0.1280745267868042
-0.08736927062273026
-0.37412720918655396
-0.30011752247810364
0.2550692558288574
0.013384564779698849
-0.065275639295578
0.022659873589873314
0.1092723160982132
-0.06895263493061066
0.5619512796401978
-0.5278311967849731
0.030295463278889656
0.21466436982154846
-0.41736388206481934
0.07090797275304794
0.18614260852336884
0.1447925865650177
-0.02572651579976082
0.143013596534729
0.6463088989257812
-0.38116469979286194
0.4006408452987671
-0.09044799208641052
-0.20995043218135834
0.2562350332736969
-0.025430552661418915
-0.3046857714653015
0.10613523423671722
-0.12039441615343094
0.2855764627456665
0.23237186670303345
0.2362198382616043
0.47102782130241394
-0.12894326448440552
0.13312937319278717
-0.6705896258354187
0.17141063511371613
-0.48715412616729736
0.2945607602596283
0.9176446199417114
0.4477074146270752
-0.1310497522354126
-0.04932871088385582
0.022688986733555794
-0.2673073410987854
0.04961226135492325
-0.5197596549987793
0.17438317835330963
0.31912922859191895
-0.03309238329529762
0.1571887731552124
-0.18150438368320465
-0.3571075201034546
0.10359660536050797
-0.010536117479205132
0.1380421370267868
0.22402118146419525
-0.15335343778133392
0.967108964920044
0.603515625
0.43589186668395996
-0.040520764887332916
-0.033803779631853104
0.15705165266990662
-0.4254434406757355
-0.052044786512851715
-0.135370671749115
-0.07789011299610138
0.005673064384609461
0.25616955757141113
0.20511524379253387
-0.09982749074697495
-0.13707534968852997
-0.0576942041516304
-0.037243932485580444
-0.6752938032150269
-0.11184878647327423
-0.3193169832229614
-0.6889498233795166
-0.01864527352154255
-0.15699899196624756
0.06573687493801117
0.33522164821624756
-0.1772790104150772
-0.013249455019831657
-0.6547992825508118
-0.438135027885437
-0.05956282094120979
-0.22413372993469238
0.8559362888336182
-0.5933613181114197
0.0845949798822403
-0.051374275237321854
0.12699277698993683
0.05717752128839493
-0.7261114716529846
0.4539276957511902
-0.080381378531456
-0.00915564876049757
-0.6213539242744446
-0.13860666751861572
-0.41620582342147827
-0.5604953169822693
-0.2941984534263611
1.132580280303955
1.023093581199646
0.17644067108631134
0.18732821941375732
-0.08151017874479294
-0.10561017692089081
0.4695355296134949
-0.10319078713655472
0.05000033229589462
-0.4106385409832001
0.054600007832050323
-0.07668197154998779
0.09586478769779205
-0.2274213582277298
0.17153950035572052
-0.6196386814117432
-1.0757427215576172
0.19262638688087463
-0.023115603253245354
0.39893820881843567
-0.26509252190589905
0.02681734971702099
-0.1602034568786621
